CFS|10|local|65536|512|50|8
device-0|1|3
device-1|2|5
device-2|2|2
device-3|1|6
device-4|3|4
device-5|2|8
device-6|1|2
device-7|3|3
0|1|20|59|4096|1 2 2 2 3 4 3 4 5 5 6 1 5 3 2 6 7 7 7 8|32
0|2|24|32|2048|1 2 2 2 3 4 3 4 4 4 2 3 2 1 3 2 1 2 2 3 4 3 2 2|12
0|3|32|32|4096|1 2 3 4 5 6 7 8 4 3 2 1 1 6 7 5 6 8 3 2 2 1 2 2 4 4 5 3 2 1 7 8|88
0|4|28|64|8192|1 2 3 4 5 6 7 8 1 2 3 4 5 6 7 8 1 2 3 4 5 6 7 8 1 2 3 4|45
0|5|16|48|4096|2 3 4 5 6 7 1 2 3 4 5 6 7 1 2 3|28
0|6|40|80|16384|1 1 2 2 3 3 4 4 5 5 6 6 7 7 8 8 1 2 3 4 5 6 7 8 1 2 3 4 5 6 7 8 1 2 3 4 5 6 7 8|72
0|7|36|56|2048|1 2 3 4 5 6 7 8 1 2 3 4 5 6 7 8 1 2 3 4 5 6 7 8 1 2 3 4 5 6 7 8 1 2 3 4|55
0|8|44|96|8192|1 2 3 4 5 6 7 8 1 2 3 4 5 6 7 8 1 2 3 4 5 6 7 8 1 2 3 4 5 6 7 8 1 2 3 4 5 6 7 8 1 2 3 4|92
0|9|22|40|4096|1 2 3 4 5 6 7 8 1 2 3 4 5 6 7 8 1 2 3 4|35
0|10|50|100|16384|1 2 3 4 5 6 7 8 1 2 3 4 5 6 7 8 1 2 3 4 5 6 7 8 1 2 3 4 5 6 7 8 1 2 3 4 5 6 7 8 1 2 3 4 5 6 7 8 1 2|105
0|11|20|59|4096|1 2 2 2 3 4 3 4 5 5 6 1 5 3 2 6 7 7 7 8|32
0|12|24|32|2048|1 2 2 2 3 4 3 4 4 4 2 3 2 1 3 2 1 2 2 3 4 3 2 2|12
0|13|32|32|4096|1 2 3 4 5 6 7 8 4 3 2 1 1 6 7 5 6 8 3 2 2 1 2 2 4 4 5 3 2 1 7 8|88
0|14|28|64|8192|1 2 3 4 5 6 7 8 1 2 3 4 5 6 7 8 1 2 3 4 5 6 7 8 1 2 3 4|45
0|15|16|48|4096|2 3 4 5 6 7 1 2 3 4 5 6 7 1 2 3|28
0|16|40|80|16384|1 1 2 2 3 3 4 4 5 5 6 6 7 7 8 8 1 2 3 4 5 6 7 8 1 2 3 4 5 6 7 8 1 2 3 4 5 6 7 8|72
0|17|36|56|2048|1 2 3 4 5 6 7 8 1 2 3 4 5 6 7 8 1 2 3 4 5 6 7 8 1 2 3 4 5 6 7 8 1 2 3 4|55
0|18|44|96|8192|1 2 3 4 5 6 7 8 1 2 3 4 5 6 7 8 1 2 3 4 5 6 7 8 1 2 3 4 5 6 7 8 1 2 3 4 5 6 7 8 1 2 3 4|92
0|19|22|40|4096|1 2 3 4 5 6 7 8 1 2 3 4 5 6 7 8 1 2 3 4|35
0|20|50|100|16384|1 2 3 4 5 6 7 8 1 2 3 4 5 6 7 8 1 2 3 4 5 6 7 8 1 2 3 4 5 6 7 8 1 2 3 4 5 6 7 8 1 2 3 4 5 6 7 8 1 2|105
0|21|20|59|4096|1 2 2 2 3 4 3 4 5 5 6 1 5 3 2 6 7 7 7 8|32
0|22|24|32|2048|1 2 2 2 3 4 3 4 4 4 2 3 2 1 3 2 1 2 2 3 4 3 2 2|12
0|23|32|32|4096|1 2 3 4 5 6 7 8 4 3 2 1 1 6 7 5 6 8 3 2 2 1 2 2 4 4 5 3 2 1 7 8|88
0|24|28|64|8192|1 2 3 4 5 6 7 8 1 2 3 4 5 6 7 8 1 2 3 4 5 6 7 8 1 2 3 4|45
0|25|16|48|4096|2 3 4 5 6 7 1 2 3 4 5 6 7 1 2 3|28
0|26|40|80|16384|1 1 2 2 3 3 4 4 5 5 6 6 7 7 8 8 1 2 3 4 5 6 7 8 1 2 3 4 5 6 7 8 1 2 3 4 5 6 7 8|72
0|27|36|56|2048|1 2 3 4 5 6 7 8 1 2 3 4 5 6 7 8 1 2 3 4 5 6 7 8 1 2 3 4 5 6 7 8 1 2 3 4|55
0|28|44|96|8192|1 2 3 4 5 6 7 8 1 2 3 4 5 6 7 8 1 2 3 4 5 6 7 8 1 2 3 4 5 6 7 8 1 2 3 4 5 6 7 8 1 2 3 4|92
0|29|22|40|4096|1 2 3 4 5 6 7 8 1 2 3 4 5 6 7 8 1 2 3 4|35
0|30|50|100|16384|1 2 3 4 5 6 7 8 1 2 3 4 5 6 7 8 1 2 3 4 5 6 7 8 1 2 3 4 5 6 7 8 1 2 3 4 5 6 7 8 1 2 3 4 5 6 7 8 1 2|105
0|31|20|59|4096|1 2 2 2 3 4 3 4 5 5 6 1 5 3 2 6 7 7 7 8|32
0|32|24|32|2048|1 2 2 2 3 4 3 4 4 4 2 3 2 1 3 2 1 2 2 3 4 3 2 2|12
0|33|32|32|4096|1 2 3 4 5 6 7 8 4 3 2 1 1 6 7 5 6 8 3 2 2 1 2 2 4 4 5 3 2 1 7 8|88
0|34|28|64|8192|1 2 3 4 5 6 7 8 1 2 3 4 5 6 7 8 1 2 3 4 5 6 7 8 1 2 3 4|45
0|35|16|48|4096|2 3 4 5 6 7 1 2 3 4 5 6 7 1 2 3|28
0|36|40|80|16384|1 1 2 2 3 3 4 4 5 5 6 6 7 7 8 8 1 2 3 4 5 6 7 8 1 2 3 4 5 6 7 8 1 2 3 4 5 6 7 8|72
0|37|36|56|2048|1 2 3 4 5 6 7 8 1 2 3 4 5 6 7 8 1 2 3 4 5 6 7 8 1 2 3 4 5 6 7 8 1 2 3 4|55
0|38|44|96|8192|1 2 3 4 5 6 7 8 1 2 3 4 5 6 7 8 1 2 3 4 5 6 7 8 1 2 3 4 5 6 7 8 1 2 3 4 5 6 7 8 1 2 3 4|92
0|39|22|40|4096|1 2 3 4 5 6 7 8 1 2 3 4 5 6 7 8 1 2 3 4|35
0|40|50|100|16384|1 2 3 4 5 6 7 8 1 2 3 4 5 6 7 8 1 2 3 4 5 6 7 8 1 2 3 4 5 6 7 8 1 2 3 4 5 6 7 8 1 2 3 4 5 6 7 8 1 2|105
0|41|20|59|4096|1 2 2 2 3 4 3 4 5 5 6 1 5 3 2 6 7 7 7 8|32
0|42|24|32|2048|1 2 2 2 3 4 3 4 4 4 2 3 2 1 3 2 1 2 2 3 4 3 2 2|12
0|43|32|32|4096|1 2 3 4 5 6 7 8 4 3 2 1 1 6 7 5 6 8 3 2 2 1 2 2 4 4 5 3 2 1 7 8|88
0|44|28|64|8192|1 2 3 4 5 6 7 8 1 2 3 4 5 6 7 8 1 2 3 4 5 6 7 8 1 2 3 4|45
0|45|16|48|4096|2 3 4 5 6 7 1 2 3 4 5 6 7 1 2 3|28
0|46|40|80|16384|1 1 2 2 3 3 4 4 5 5 6 6 7 7 8 8 1 2 3 4 5 6 7 8 1 2 3 4 5 6 7 8 1 2 3 4 5 6 7 8|72
0|47|36|56|2048|1 2 3 4 5 6 7 8 1 2 3 4 5 6 7 8 1 2 3 4 5 6 7 8 1 2 3 4 5 6 7 8 1 2 3 4|55
0|48|44|96|8192|1 2 3 4 5 6 7 8 1 2 3 4 5 6 7 8 1 2 3 4 5 6 7 8 1 2 3 4 5 6 7 8 1 2 3 4 5 6 7 8 1 2 3 4|92
0|49|22|40|4096|1 2 3 4 5 6 7 8 1 2 3 4 5 6 7 8 1 2 3 4|35
0|50|50|100|16384|1 2 3 4 5 6 7 8 1 2 3 4 5 6 7 8 1 2 3 4 5 6 7 8 1 2 3 4 5 6 7 8 1 2 3 4 5 6 7 8 1 2 3 4 5 6 7 8 1 2|105
0|51|20|59|4096|1 2 2 2 3 4 3 4 5 5 6 1 5 3 2 6 7 7 7 8|32
0|52|24|32|2048|1 2 2 2 3 4 3 4 4 4 2 3 2 1 3 2 1 2 2 3 4 3 2 2|12
0|53|32|32|4096|1 2 3 4 5 6 7 8 4 3 2 1 1 6 7 5 6 8 3 2 2 1 2 2 4 4 5 3 2 1 7 8|88
0|54|28|64|8192|1 2 3 4 5 6 7 8 1 2 3 4 5 6 7 8 1 2 3 4 5 6 7 8 1 2 3 4|45
0|55|16|48|4096|2 3 4 5 6 7 1 2 3 4 5 6 7 1 2 3|28
0|56|40|80|16384|1 1 2 2 3 3 4 4 5 5 6 6 7 7 8 8 1 2 3 4 5 6 7 8 1 2 3 4 5 6 7 8 1 2 3 4 5 6 7 8|72
0|57|36|56|2048|1 2 3 4 5 6 7 8 1 2 3 4 5 6 7 8 1 2 3 4 5 6 7 8 1 2 3 4 5 6 7 8 1 2 3 4|55
0|58|44|96|8192|1 2 3 4 5 6 7 8 1 2 3 4 5 6 7 8 1 2 3 4 5 6 7 8 1 2 3 4 5 6 7 8 1 2 3 4 5 6 7 8 1 2 3 4|92
0|59|22|40|4096|1 2 3 4 5 6 7 8 1 2 3 4 5 6 7 8 1 2 3 4|35
0|60|50|100|16384|1 2 3 4 5 6 7 8 1 2 3 4 5 6 7 8 1 2 3 4 5 6 7 8 1 2 3 4 5 6 7 8 1 2 3 4 5 6 7 8 1 2 3 4 5 6 7 8 1 2|105